SM:2022-04-18T05:13:55.2564046Z
LM:2022-04-18T05:13:55.2876093Z
CT:image/jpeg
MA:2592000
CL:16498
