SM:2022-04-18T05:15:54.4644275Z
LM:2022-04-18T05:16:04.6939997Z
CT:image/jpeg
MA:2592000
CL:36741
