SM:2022-04-18T05:12:02.3907210Z
LM:2022-04-18T05:12:02.6065734Z
CT:image/jpeg
MA:2592000
CL:14696
