SM:2022-04-17T15:07:19.2915278Z
LM:2022-04-17T16:35:13.6194481Z
CT:image/jpeg
MA:2592000
CL:23228
