SM:2022-04-17T13:46:03.5194559Z
LM:2022-04-17T13:47:04.2772180Z
CT:image/jpeg
MA:2592000
CL:70088
