SM:2022-04-17T13:46:03.5318398Z
LM:2022-04-17T13:47:04.1826162Z
CT:image/jpeg
MA:2592000
CL:21958
