SM:2022-04-18T05:15:54.4644275Z
LM:2022-04-18T05:15:54.4969747Z
CT:image/jpeg
MA:2592000
CL:8278
