SM:2022-04-17T13:46:03.5428260Z
LM:2022-04-17T13:47:04.1969805Z
CT:image/jpeg
MA:2592000
CL:49427
