SM:2022-04-17T13:46:03.5194559Z
LM:2022-04-17T13:48:51.1477162Z
CT:image/jpeg
MA:2592000
CL:1093856
